Timestamp,QuaternionX,QuaternionY,QuaternionZ,QuaternionW,AttitudePitch,AttitudeRoll,AttitudeYaw,GravitationalAccelerationX,GravitationalAccelerationY,GravitationalAccelerationZ,AccelerationX,AccelerationY,AccelerationZ,RotationX,RotationY,RotationZ
0.0,-0.1154374595116827,0.248335115922659,-1.391153764634867e-17,0.961771185439564,-0.2239152719361858,0.5119905807462718,0.0588362575325008,0.4776831269264221,0.2220488488674163,-0.8500077128410339,-0.6863070130348206,-0.0301446318626403,-0.0873196125030517,0.067614272236824,0.00521867768839,-0.1011716872453689
0.047,-0.1192235340264795,0.0518271980567336,-0.0895047138115977,0.9874657165172296,-0.2472472607047537,0.0836514437006469,-0.170387357667766,0.0810130089521408,0.2447358518838882,-0.9661993980407716,-0.290399968624115,-0.0103530287742614,0.0368353128433227,-0.0927935689687728,-0.0142355654388666,-0.1064366772770881
0.079,-0.1168679943219945,-0.0432617888000459,-0.1323980296019312,0.9833315527404604,-0.2201586243735525,-0.1191793276426959,-0.2808626641768427,-0.1160275712609291,0.2183844149112701,-0.9689405560493468,-0.1091171652078628,0.0636550337076187,0.0508705973625183,-0.2895611524581909,-0.0494389235973358,-0.0311179831624031
0.136,-0.1266340992623644,-0.0673570322216661,-0.1426045168272471,0.9793318299904928,-0.2308681995872011,-0.1734961749894469,-0.3093623840600157,-0.1680469810962677,0.2288227677345276,-0.9588536620140076,-0.060331180691719,0.0637848377227783,0.0256162285804748,-0.2994449436664581,-0.0811394304037094,-0.0071281865239143
0.189,-0.1382060904117233,-0.0773732224963097,-0.1462519373668339,0.9764849294954324,-0.2498724387086353,-0.1989828005204642,-0.3224093792409183,-0.1915334165096283,0.2472803592681884,-0.9498249292373656,-0.0422494113445282,0.0543706119060516,0.008196473121643,-0.228216677904129,-0.0462754480540752,-0.0075112138874828
0.19,-0.1497427626575462,-0.0873696435368837,-0.1498619246836472,0.9733883893722188,-0.2685451027395344,-0.2248520016707128,-0.3360196134539523,-0.2149706929922104,0.265328973531723,-0.939887285232544,-0.0242167860269546,0.0453653335571289,-0.0101321935653686,-0.1569884121417999,-0.0114114694297313,-0.0078942412510514
0.248,-0.1591834084957867,-0.0918435547679706,-0.1504233141604034,0.9713897835571004,-0.2854897894069313,-0.2381123257308828,-0.3416481496292676,-0.226321592926979,0.2816274464130401,-0.932450830936432,-0.0226630326360464,0.0228473357856273,0.0002764465170912,0.0110237244516611,-0.0634109154343605,0.0314372479915618
0.296,-0.1608682226876215,-0.0926233344035855,-0.1493811557438666,0.971199030796392,-0.2887954470397279,-0.240122384409153,-0.3403113678816072,-0.2279727756977081,0.2847977578639984,-0.93108469247818,-0.0200004130601882,0.0024958550930023,0.0034707188606262,0.0331500470638275,-0.0230906382203102,0.0546965859830379
0.329,-0.1610295539908925,-0.0932908234813249,-0.1478143136359584,0.9713481492149152,-0.2892694255815069,-0.2410893187780878,-0.3373141256692977,-0.2288407087326049,0.2852520644664764,-0.9307326078414916,-0.0125795006752014,-0.0312550365924835,-0.0094774961471557,0.0560991540551185,-0.0062825474888086,0.0615559741854667
0.362,-0.1599337581777185,-0.0939297274686286,-0.1468628549829214,0.9716118683618068,-0.2871264632371516,-0.2416445075734067,-0.3351353243742059,-0.2295031547546386,0.2831974923610687,-0.9311968088150024,0.0065263360738754,-0.0544825792312622,-0.0127609372138977,0.0365610346198082,0.0259979348629713,0.004269141703844
0.408,-0.1582816114230006,-0.0943743663830607,-0.1479161887682642,0.9716796088913424,-0.283459787354949,-0.2421573507082242,-0.3368540658570713,-0.2302281409502029,0.2796790301799774,-0.9320808053016664,0.0142014175653457,-0.0533802211284637,-0.0161641240119934,-0.0224948301911354,0.0456143543124198,-0.0802209675312042
0.476,-0.1572385837728559,-0.0943120177751204,-0.1500974115592961,0.9715205016735788,-0.2808880826001796,-0.2422157713110411,-0.3409791736081231,-0.2304543554782867,0.2772090137004852,-0.9327625632286072,0.0062926709651947,-0.0173352062702178,-0.0068646073341369,-0.0786168426275253,-0.0201513767242431,-0.042920671403408
0.477,-0.1561946303176909,-0.0942491148199751,-0.1522777469922521,0.9713556456611776,-0.2783161519697698,-0.2422631040875249,-0.3451010551336979,-0.230668768286705,0.2747369706630707,-0.9334406852722168,-0.0016278624534606,0.018711894750595,0.0024312734603881,-0.1347388625144958,-0.0859171003103256,-0.0056203752756118
0.526,-0.1571365322019864,-0.0948468336613203,-0.152406393651489,0.9711254273067343,-0.2799296485380022,-0.2439263007449535,-0.3458701946535594,-0.2321135848760604,0.2762880325317383,-0.9326243996620178,-0.0048150420188903,0.0155458152294158,-0.0168402791023254,-0.0751820057630539,-0.0692061632871627,0.0316511318087577
0.558,-0.158060298481985,-0.095092252247324,-0.1516707967010544,0.9710666681735368,-0.2818454320851533,-0.2446159676839557,-0.3447486716175253,-0.232628121972084,0.2781287431716919,-0.9319487810134888,-0.0028935968875885,-0.0024107992649078,-0.0336790680885314,0.0375421568751335,0.0177341923117637,0.0359412990510463
0.641,-0.1571523501187936,-0.0932318111333233,-0.1514706122725102,0.971425556273816,-0.2807536393773398,-0.2403724812199715,-0.3434884240702175,-0.2287434786558151,0.2770798504352569,-0.9332219362258912,0.0065353214740753,-0.0082042217254638,-0.0184574723243713,0.0166208334267139,0.0728176310658454,0.0146850422024726
0.642,-0.1562437176100996,-0.0913709654679428,-0.1512697385416468,0.971780114819524,-0.2796567516162657,-0.236131790535974,-0.3422333829662978,-0.2248548865318298,0.2760257422924042,-0.934478521347046,0.0159602910280227,-0.013992428779602,-0.0032524466514587,-0.0043004881590604,0.1279010772705078,-0.0065712165087461
0.691,-0.1558745583307511,-0.0891450732548307,-0.1520156385413436,0.9719297810492424,-0.2795210924987957,-0.2316533795345249,-0.3430300729829858,-0.2206762731075287,0.275895357131958,-0.9355125427246094,0.0223650485277175,-0.0145834684371948,0.0073887109756469,-0.0475677698850631,0.1329431533813476,-0.0435591042041778
0.723,-0.1562088259266941,-0.0866113130853253,-0.1539486515131827,0.9718009709842004,-0.2806084876305535,-0.2271936117015056,-0.3464435048187029,-0.2164342105388641,0.2769403755664825,-0.9361945390701294,0.0241937637329101,-0.0046657621860504,0.0111775994300842,-0.0897148251533508,0.104218490421772,-0.093561828136444
0.769,-0.1571514083838743,-0.0852034152523181,-0.1561511867340004,0.9714219428609784,-0.2824521048855837,-0.2253738198830163,-0.3509385929495912,-0.2146157175302505,0.2787114083766937,-0.9360876083374025,0.0147422850131988,0.0107567310333251,0.009997546672821,-0.0971443951129913,0.0322698205709457,-0.1002015545964241
0.807,-0.1584076599541652,-0.0847542429254777,-0.1579519002260659,0.970965961451674,-0.2846720386536262,-0.2255359363993299,-0.3549801133365742,-0.2146285772323608,0.2808426916599273,-0.9354474544525146,0.0027595162391662,0.0231654644012451,-0.0037500262260437,-0.0565843991935253,-0.0293938070535659,-0.0464645400643348
0.858,-0.1589205752009397,-0.0850252963333965,-0.1580514006539048,0.9708421984268946,-0.285562135631536,-0.2263432870846198,-0.3554405570741488,-0.2153275460004806,0.2816968560218811,-0.935029923915863,-0.0026719868183135,0.0220958888530731,-0.0088865756988525,0.0019113272428512,-0.0402576774358749,0.0049926117062568
0.858,-0.1594334372681274,-0.0852963212565582,-0.1581508185632038,0.9707181490308,-0.2864519093461482,-0.2271512859369227,-0.3559018388925031,-0.2160264551639557,0.2825504839420318,-0.9346110224723816,-0.0081035643815994,0.0210268497467041,-0.0140244364738464,0.0604070499539375,-0.0511215440928936,0.0564497634768486
0.921,-0.1583524347072059,-0.0859034918312287,-0.1559021207782485,0.97120519856629,-0.2846279007614039,-0.227250377176966,-0.3510319745529897,-0.2162348181009292,0.2808003425598144,-0.935090184211731,-0.0068664103746414,-0.00462007522583,-0.0081340074539184,0.1128920391201973,-0.0180415771901607,0.0781707167625427
0.961,-0.1565468062676587,-0.0862219635482411,-0.1542965105346633,0.9717260427921458,-0.2813301180624326,-0.2266470488842052,-0.3471713092201611,-0.2158775329589843,0.2776337265968323,-0.9361177682876588,-0.0037927627563476,-0.0155806243419647,-0.0052225589752197,0.0937946662306785,0.0002401936799287,0.0524015501141548
0.994,-0.1548874693734782,-0.0864094031207178,-0.153256028242391,0.9721398089504714,-0.2782350725705973,-0.2260167039198937,-0.3445025633279603,-0.2154789417982101,0.2746590077877044,-0.937086582183838,-0.0025193840265274,-0.017925888299942,-0.0026378035545349,0.0510937981307506,0.0088424971327185,0.0251647029072046
1.076,-0.1543735893888566,-0.086176349217029,-0.1533510053050497,0.9722272831499938,-0.2772814686269367,-0.2253501573048436,-0.3444610486807952,-0.2149127125740051,0.2737419605255127,-0.937484860420227,-0.000434398651123,-0.011188268661499,-0.0014070868492126,0.0184899233281612,0.0135130491107702,0.0067948009818792
1.076,-0.1538596573470599,-0.0859432653420987,-0.1534458881988296,0.9723143874934916,-0.2763278314264212,-0.224683808954325,-0.3444201016664519,-0.2143460363149643,0.272824615240097,-0.9378819465637208,0.0016501396894454,-0.0044503808021545,-0.0001775026321411,-0.0141139514744281,0.0181836001574993,-0.011575099080801
1.134,-0.153810479548324,-0.0858101957986434,-0.1537824909893874,0.9722807767331304,-0.2762000855662343,-0.2244877940673388,-0.3450640333013149,-0.2141699492931366,0.2727017402648926,-0.9379578828811646,0.002443641424179,0.0013269186019897,0.0003423690795898,-0.0190172232687473,0.0107814650982618,-0.0182935614138841
1.167,-0.1537918840683964,-0.0857363788513267,-0.1541643306727847,0.9722297887712308,-0.2761017449187393,-0.2244381923829785,-0.3458282347171976,-0.2141293883323669,0.2726071178913116,-0.937994658946991,0.0013451278209686,0.0058050155639648,0.0018966794013977,-0.0018016286194324,0.0033625462092459,-0.0077297538518905
1.212,-0.1535457238934832,-0.0858425240283212,-0.1542014235694777,0.9722534649055868,-0.2755712160427445,-0.2245594925382321,-0.3458512481892575,-0.2142753452062606,0.2720966339111328,-0.9381095170974731,0.0021562427282333,0.0049326419830322,-0.0037469267845153,0.0196609292179346,-0.0029620476998388,0.001907680183649
1.245,-0.1529779004438106,-0.0859664511249946,-0.1539832006693815,0.9723666029116516,-0.2744592066859551,-0.2245075968486841,-0.3452423828478481,-0.2142938822507858,0.2710264027118683,-0.9384150505065918,0.0002396702766418,0.0014432072639465,-0.0024530291557312,0.0444273985922336,-0.0040224930271506,0.0105587048456072
1.298,-0.1521883132466133,-0.0860152737790166,-0.153686949341699,0.9725329297589098,-0.2729542017214952,-0.2241876928307382,-0.3443778026555044,-0.2140841037034988,0.2695774435997009,-0.938880205154419,-0.0016307234764099,-0.0059006810188293,-0.0039475560188293,0.0618166998028755,0.0158390775322914,0.0153381172567605
1.3,-0.1513986208126562,-0.08606403797704,-0.1533906999463561,0.9726986605628604,-0.2714489637587889,-0.2238693454003237,-0.3435143725373868,-0.2138750553131103,0.2681276202201843,-0.9393428564071656,-0.0035003572702407,-0.0132437348365783,-0.0054445266723632,0.079205997288227,0.0357006415724754,0.0201175305992364
1.361,-0.1472380741195967,-0.0842793660548292,-0.1523282598827501,0.9736601131620544,-0.264102944622642,-0.218209594367421,-0.3394792632242589,-0.2089759707450866,0.2610433995723724,-0.94243586063385,0.0044271945953369,-0.0311000198125839,-0.0091575384140014,0.2638280987739563,0.1732410341501236,0.0692864283919334
1.407,-0.1379423644238117,-0.07921918541277,-0.1502631101854106,0.9757649475065848,-0.2479232162404696,-0.2036420858425472,-0.3310504179127121,-0.196053922176361,0.2453911900520324,-0.9493924379348756,0.0052392035722732,-0.02665776014328,-0.0038702487945556,0.4866388440132141,0.3339128494262695,0.1255300045013427
1.493,-0.1238423067425551,-0.0733231310217545,-0.1479260857128969,0.9784706005841632,-0.2224903857969353,-0.1857465208821577,-0.3208975579116365,-0.1801280975341797,0.2206593006849289,-0.958573579788208,0.0003385841846466,-0.0152132958173751,0.0088415145874023,0.6441217064857483,0.2668375372886657,0.1046514809131622
1.495,-0.1097117334621871,-0.0674090075537246,-0.1455526018151671,0.980935116857474,-0.1968866384763757,-0.1682120210692929,-0.3112652537932121,-0.1641854047775268,0.195617064833641,-0.9668387174606324,-0.0045789033174514,-0.003458485007286,0.0206372141838073,0.8016046285629272,0.1997621953487396,0.0837729573249816
1.526,-0.0920274651087456,-0.0649572995645208,-0.1438795389306293,0.9831633291061168,-0.1629846345661116,-0.1569233753241832,-0.3034665724147538,-0.1542090326547622,0.1622639894485473,-0.9746229648590088,0.0114762187004089,0.0008775889873504,-0.0145328044891357,0.7548176050186157,0.1165295988321304,-0.0719240009784698
1.558,-0.0759380271838372,-0.0659598013081298,-0.1454736539243975,0.9842357835835042,-0.130662496856894,-0.1538463824077476,-0.3035676014415256,-0.1519339829683303,0.1302910149097442,-0.9797654151916504,-0.0020004957914352,0.0290886908769607,0.0021618604660034,0.5759509801864624,-0.1600899547338485,-0.1960378885269165
1.616,-0.0669512436042291,-0.0735760984431646,-0.1496897435458024,0.9837159399731108,-0.1099160284890657,-0.166569532734583,-0.3112031792011801,-0.1647998094558715,0.1096948236227035,-0.980208158493042,0.0250020176172256,0.0551127716898918,-0.0672160387039184,0.5833147168159485,-0.3029916286468506,-0.3050547838211059
1.709,-0.0624027504351116,-0.076703533617946,-0.1515519239576061,0.9834909244522484,-0.0996608359203371,-0.1714747666384454,-0.3143592700113683,-0.1697889864444732,0.0994959324598312,-0.9804449081420898,0.0163600742816925,0.0369707643985748,-0.0544964075088501,0.4082347154617309,-0.1993291676044464,-0.2108140289783477
1.71,-0.0578521404045387,-0.0798283691146688,-0.1534090268103687,0.9832325732991496,-0.0893904333095605,-0.1763427487729067,-0.3174619289086329,-0.1747298091650009,0.0892714187502861,-0.980561137199402,0.0076697468757629,0.0188543871045112,-0.041897177696228,0.2331547141075134,-0.095666691660881,-0.116573266685009
1.766,-0.0562367235475937,-0.0810464015876355,-0.1542551984042005,0.9830941481782492,-0.0856730967293683,-0.1782957269072453,-0.3189401956566137,-0.1767021268606186,0.0855683162808418,-0.9805378317832948,0.006841629743576,0.0110800564289093,-0.0265601277351379,0.1405682265758514,-0.0799715295433998,-0.0790198519825935
1.766,-0.0546210386047387,-0.0822640472494302,-0.1551006340943534,0.9829510595639368,-0.0819529093964191,-0.1802426032650788,-0.3204107574046064,-0.1786666065454483,0.0818611904978752,-0.9804983139038086,0.00600565969944,0.003309741616249,-0.0112393498420715,0.0479817315936088,-0.0642763674259185,-0.041466437280178
1.799,-0.054548494752142,-0.0832943773124834,-0.1560343896128371,0.982720578376302,-0.0813078395828647,-0.1823408788200591,-0.3223645687586251,-0.1807330995798111,0.081218272447586,-0.9801729917526244,0.0075508058071136,-0.005240574479103,-0.0091672539710998,0.0207969266921281,-0.0262119993567466,-0.0411085039377212
1.858,-0.0542755810970943,-0.0838122970725942,-0.1564467928322975,0.9826260467572876,-0.0805278747117654,-0.183310388578677,-0.3231809992918922,-0.1816947907209396,0.0804408565163612,-0.9800593256950378,0.0055355131626129,0.001824215054512,-0.0059730410575866,0.0184792876243591,-0.0389575101435184,-0.0210240427404642
1.86,-0.0540026407456966,-0.0843301780029396,-0.1568591261497255,0.9825310142300144,-0.0797471225135762,-0.1842792119279733,-0.323996648266417,-0.1826556622982025,0.0796626061201095,-0.9799442887306212,0.0035194307565689,0.0088898092508316,-0.0027800798416137,0.0161616466939449,-0.0517030209302902,-0.0009395815432071
1.913,-0.0543309231692787,-0.0848744133099343,-0.1567869031268831,0.98247760054845,-0.0802294793059557,-0.185465774820414,-0.3239628925871033,-0.1838112026453018,0.0801434218883514,-0.9796889424324036,0.0056390017271041,-0.0009652376174926,0.004094660282135,-0.0135058667510747,-0.0295067131519317,0.0026381267234683
1.969,-0.054008817598845,-0.0861562346349723,-0.1566781929739864,0.9824011922058048,-0.0792018258925942,-0.1878931438454526,-0.3237726115071443,-0.1862040013074875,0.0791190341114997,-0.9793202877044678,0.0101257413625717,-0.0090450793504714,0.0030009746551513,0.0547127202153205,0.0033222362399101,0.0283418446779251
2.009,-0.051932721921383,-0.0864441596600539,-0.1555470409145675,0.9826674759396752,-0.0752439076867499,-0.1876753847341052,-0.3210609882762991,-0.1860477179288864,0.0751729160547256,-0.9796608090400696,0.0024335384368896,0.0062528997659683,-0.0035300850868225,0.1189907938241958,-0.0256966035813093,0.0701033398509025
2.042,-0.050298115853773,-0.0866800920392026,-0.1533072157132618,0.9830836243392456,-0.0723803233873298,-0.1874331080371244,-0.3162045351480764,-0.1858497112989425,0.0723171308636665,-0.979913294315338,-0.0048078745603561,0.0049875080585479,-0.0001550316810607,0.1023328155279159,-0.0327271595597267,0.1445975303649902
2.075,-0.0486153080582068,-0.0869440419175396,-0.1499743990864547,0.9836589389361944,-0.0696192290153523,-0.1871703738243687,-0.3091383428598778,-0.1856286972761154,0.0695629939436912,-0.9801545739173888,0.0054281800985336,-0.0091785825788974,-0.0160232782363891,0.0634087473154068,-0.0146838277578353,0.1352803111076355
2.134,-0.048026707370912,-0.0877257287771296,-0.1482385769358511,0.9838815984975934,-0.0685501879229169,-0.1884150064894774,-0.3055642305462724,-0.1868623048067093,0.0684965029358863,-0.9799952507019044,-0.0009305328130722,-0.0329432375729084,0.0046096444129943,0.0629521608352661,-0.0073328553698956,0.0235831588506698
2.167,-0.0475122485046898,-0.0891028964476655,-0.1484814653974841,0.9837460813285672,-0.0670699924118608,-0.1910047482044564,-0.3060352281838113,-0.1894186437129974,0.0670197084546089,-0.9796065092086792,-0.0011329352855682,-0.0109440274536609,-0.0080530643463134,-0.015942096710205,-0.1050941795110702,-0.0583033189177513
2.2,-0.0477640689892108,-0.0897034266281902,-0.1494076940459262,0.9835391196913822,-0.0672014657896984,-0.1923415354017467,-0.3079965643202429,-0.1907263249158859,0.0671508833765983,-0.9793437719345092,-0.0031501650810241,-0.0079648792743682,0.0090788602828979,-0.0466453284025192,-0.0441069565713405,-0.0376160591840744
2.271,-0.0486370153606435,-0.0896506497161141,-0.149463754394672,0.983492571144774,-0.0689237985410754,-0.1925218155692711,-0.3082946290258376,-0.190880462527275,0.0688692256808281,-0.979194402694702,0.001459464430809,-0.0131811797618865,0.0153220295906066,-0.0468661449849605,-0.0012596361339092,-0.0024084150791168
2.272,-0.0495099380690816,-0.0895978175927443,-0.1495197331910466,0.983445438205197,-0.0706461115512977,-0.1927026982050459,-0.3085931639634151,-0.1910345703363418,0.0705873519182205,-0.9790419936180116,0.0060690939426422,-0.0183972679078578,0.0215621590614318,-0.0470869578421115,0.0415876880288124,0.032799232751131
2.328,-0.050971987368397,-0.0902036064109209,-0.1494533530722855,0.983325333593287,-0.0733473785713132,-0.1943758623012019,-0.3088208161419489,-0.1926348805427551,0.0732816159725189,-0.9785303473472596,0.0006149858236312,-0.0063634514808654,-0.0072008371353149,-0.0633520185947418,-0.0817695185542106,0.0034292917698621
2.392,-0.054691370013941,-0.0914839923544212,-0.148241066883291,0.9831907493611368,-0.0805076689013907,-0.1980366128303103,-0.3072987218402773,-0.1961074620485305,0.0804207175970077,-0.9772790670394896,-0.0047084391117095,0.0170935690402984,-0.012862205505371,-0.2431966215372085,-0.1171287521719932,0.0799046158790588
2.394,-0.0584098233807445,-0.0927628270466518,-0.1470262360896063,0.9830394555705102,-0.0876734591594989,-0.2016886202573264,-0.3058019587845167,-0.1995546072721481,0.0875611677765846,-0.9759666919708252,-0.0100573152303695,0.0405492335557937,-0.018584668636322,-0.4230412244796753,-0.1524879932403564,0.1563799381256103
2.438,-0.0688866212958343,-0.092195981687757,-0.1432919975071632,0.982965860855757,-0.1092215285942126,-0.2036014060447073,-0.3006794272921095,-0.2009928375482559,0.1090044900774955,-0.9735090732574464,0.0040980875492095,0.0092099383473396,-0.0196368098258972,-0.5114450454711914,0.123261421918869,0.3962246775627136
2.471,-0.0825339581190723,-0.0770982015509144,-0.1329418612162726,0.9846676448136495,-0.1425198648888786,-0.1764710945533703,-0.2810300986474602,-0.1737766712903976,0.1420378684997558,-0.9744880199432372,-0.0371990650892257,-0.074085384607315,0.0444124937057495,-1.118826389312744,0.707229495048523,0.4944363236427307
2.522,-0.0942534017308784,-0.0749930582793537,-0.1305592751313554,0.9840967728951084,-0.1666978240928365,-0.1755329433697726,-0.2784996929998585,-0.1722121834754943,0.165926843881607,-0.970984697341919,-0.0090120881795883,-0.0762554183602333,0.0023828148841857,-0.3993061184883117,0.0429036021232605,-0.013869822025299
2.595,-0.100687152713832,-0.0781371218417827,-0.132353791684217,0.9829746025654192,-0.1782040373792325,-0.1842069566042163,-0.2841855631977909,-0.1802662909030914,0.1772623360157013,-0.967513382434845,-0.0006945580244064,-0.0106829553842544,-0.0259843468666076,-0.3321587443351745,-0.1643630415201187,-0.1213559359312057
2.627,-0.1075766072633267,-0.0811204059992644,-0.1352687289161798,0.9816053065163944,-0.1903977056633445,-0.1930228012627277,-0.2923703397489571,-0.1883599609136581,0.1892494261264801,-0.9636934995651244,-0.0033632516860961,-0.0219159722328186,0.004393458366394,-0.2947620451450348,-0.2680671811103821,-0.1839103698730468
2.642,-0.1126133117290929,-0.0852120809449929,-0.138661584861476,0.9802194042024392,-0.1984400371871835,-0.2036574059352567,-0.3013977898401996,-0.1982833743095398,0.1971402168273925,-0.9601143002510072,-0.0010910928249359,0.0115236639976501,-0.0257375240325927,-0.2182532101869583,-0.1401049792766571,-0.1050723865628242
2.676,-0.1164905554052366,-0.0850446017262223,-0.1399297913364112,0.9796004888596092,-0.2058791915861128,-0.2049502400723616,-0.3050138100616691,-0.1992204934358596,0.2044278532266616,-0.9583947062492372,-0.000237300992012,0.0218605697154998,-0.0165401697158813,-0.225756362080574,0.0643564313650131,0.0073069781064987
2.71,-0.1210860700413456,-0.0829513178673871,-0.1403837122116422,0.9791575935251356,-0.2154987431517157,-0.2024737515758616,-0.3067784863951117,-0.1964418739080429,0.2138346582651138,-0.956914484500885,-0.0008620768785476,-0.005040243268013,0.0082115530967712,-0.2689953744411468,0.0455979779362678,-0.0274787470698356
2.752,-0.1263670227087417,-0.0818488680846952,-0.1417827972608961,0.9783811731723516,-0.2259791338262975,-0.2024860255937878,-0.3108821842548118,-0.1959921419620514,0.2240606993436813,-0.9546642899513244,-8.413195610046387e-05,-0.007825568318367,0.0146436095237731,-0.2975245714187622,0.0120672397315502,-0.0687928199768066
2.809,-0.1316061869183701,-0.0818670162179973,-0.1443432739818061,0.9773139502978856,-0.2357859061598866,-0.2050817473732199,-0.3176421995367587,-0.1980125159025192,0.2336072027683258,-0.9519551992416382,-0.0018674284219741,-0.0183172821998596,0.0113565325736999,-0.241073802113533,-0.0326585322618484,-0.1640823930501938
2.918,-0.1349842720033325,-0.084076962312339,-0.1477194501413317,0.9761604293882594,-0.2410197293956076,-0.211674858408316,-0.3261028416217499,-0.2040248364210128,0.2386929988861084,-0.9494206309318542,0.0005428194999694,-0.0106518864631652,-0.0053811073303222,-0.1721587181091308,-0.0571943968534469,-0.1604311913251876
2.921,-0.1383584576663609,-0.0862844810194249,-0.151091426381921,0.974978642113026,-0.2461990483831338,-0.2183219975934882,-0.334610047880891,-0.2100606262683868,0.2437193840742111,-0.9468238353729248,0.0029765367507934,-0.0029270946979522,-0.0221809744834899,-0.1032436341047287,-0.0817302614450454,-0.1567799746990203
2.924,-0.139678499363582,-0.0867427618080437,-0.1533329119802815,0.9743996583619956,-0.2481430621605946,-0.220352623311276,-0.3397536237638217,-0.2118788808584213,0.245604321360588,-0.9459311962127686,0.0006727278232574,0.0086451321840286,-0.0101481676101684,-0.0620617941021919,0.0159746408462524,-0.0537918210029602
3.004,-0.1398432536672226,-0.0861856625008147,-0.1534823703517272,0.9744018237506842,-0.2486245997559636,-0.2193302384912844,-0.3399770348872047,-0.2108858972787857,0.2460710704326629,-0.9460318088531494,0.0007351785898208,0.0039387047290802,-0.0054497718811035,-0.0277319997549057,0.0224484708160161,-0.0112284533679485
3.005,-0.1400079819422753,-0.085628548207965,-0.1536317578549713,0.9744037862527676,-0.2491064476732368,-0.218307904129487,-0.340199989464618,-0.2098929286003112,0.2465380728244781,-0.9461310505867004,0.000797614455223,-0.0007679760456085,-0.0007528066635131,0.0065977945923805,0.0289223007857799,0.0313349179923534
3.038,-0.1400094158738893,-0.0850870731092423,-0.1530655217538521,0.974540126754064,-0.2494198398822424,-0.2170677648285628,-0.338900554686576,-0.2087027877569198,0.2468417882919311,-0.9463151097297668,0.0021009892225265,-0.009082868695259,-0.0006023049354553,-0.007605018094182,0.024728987365961,0.0351125225424766
3.078,-0.1403315043449935,-0.0842027109902043,-0.1524034595277913,0.974674392280808,-0.2505011292432897,-0.2152387524259116,-0.3374190684499314,-0.206914484500885,0.2478894740343094,-0.946433961391449,-7.179379463195801e-05,-0.0121940523386001,0.0012144446372985,-0.024853752925992,0.0161365903913974,0.022393625229597
3.112,-0.1403315043449935,-0.0842027109902043,-0.1524034595277913,0.974674392280808,-0.2505011292432897,-0.2152387524259116,-0.3374190684499314,-0.206914484500885,0.2478894740343094,-0.946433961391449,0.0024488568305969,-0.0061506032943725,-0.0043678283691406,-0.0243252981454134,1.0577961802482603e-05,-0.0162207670509815
3.19,-0.1412271286279319,-0.0841808188948507,-0.1529092223558606,0.9744675933951158,-0.2521623151030811,-0.2156897042958052,-0.338737080447449,-0.2072528451681137,0.2494984716176986,-0.9459369778633118,0.0011305510997772,-0.0038018971681594,-0.0028880834579467,-0.0309358555823564,0.0012008326593786,-0.0173469241708517
3.191,-0.1421225859698776,-0.0841588264199898,-0.1534148094626808,0.97425984026043,-0.2538229387291249,-0.2161431088857396,-0.3400564459341656,-0.2075925767421722,0.2511062324047088,-0.9454368948936462,-0.0001863837242126,-0.0014519691467285,-0.0014114379882812,-0.0375464111566543,0.0023910873569548,-0.018473083153367
3.239,-0.1426882449473959,-0.0839958510598905,-0.1537492286427758,0.9741386150516984,-0.2549196582059209,-0.2161327983230606,-0.3408842704954661,-0.2075236439704895,0.2521676421165466,-0.9451695084571838,0.0022134482860565,0.0055953860282897,-0.002020239830017,-0.0343046449124813,0.0083392197266221,-0.0033056000247597
3.272,-0.1434426012912346,-0.0838946987557042,-0.1538909675584728,0.9740141068033208,-0.2564093786197308,-0.2162761696845437,-0.3413905251410931,-0.2075783014297485,0.2536089420318603,-0.9447718262672424,0.0034869909286499,0.006096601486206,-0.002549409866333,-0.0489963479340076,-0.0093042207881808,0.0011899978853762
3.329,-0.144337815848764,-0.083860836653951,-0.1539639874779036,0.9738731870655872,-0.2581686876159076,-0.2165971257605923,-0.3418177144330653,-0.2077853083610534,0.2553103566169739,-0.9442679286003112,0.0014502108097076,0.0032343864440917,-0.0020514726638793,-0.0329845696687698,-0.0037880786694586,0.0007760105654597
3.362,-0.1448503158382574,-0.083980977904119,-0.1539928572813304,0.9737821327581688,-0.259130684928339,-0.217060872961506,-0.3420718516736636,-0.2081702053546905,0.2562403380870819,-0.9439311623573304,0.0010503679513931,0.0054377615451812,-0.0015217661857604,-0.0126202534884214,-0.0175035540014505,0.0004103026003576
3.394,-0.1451351271864339,-0.0842853009094932,-0.1539523370251273,0.9737198691882952,-0.2595959654851959,-0.2177854869883266,-0.3421576433544266,-0.2088283449411392,0.2566900551319122,-0.9436635375022888,0.0015137046575546,0.0038850605487823,-0.0013605952262878,-0.0102960932999849,-0.0298814941197633,0.0013104811077937
3.468,-0.1454915646950811,-0.0847519905460704,-0.1537167466476447,0.9736634224700398,-0.2601898631737516,-0.2188173356785246,-0.3419060261955823,-0.2097688317298889,0.2572640180587768,-0.943298637866974,3.9577484130859375e-05,0.0007463097572326,-0.0049129724502563,-0.0091632781550288,-0.0245496854186058,0.0053977989591658
3.469,-0.1458479371322595,-0.0852186427185957,-0.1534810504509445,0.97360652241105,-0.2607839892257759,-0.2198491603365176,-0.3416548897103797,-0.210708662867546,0.257838100194931,-0.9429323077201844,-0.001435175538063,-0.0023925602436065,-0.0084666013717651,-0.0080304630100727,-0.019217874854803,0.0094851162284612
3.53,-0.1461649464002672,-0.0851915443536511,-0.1531572097406192,0.9736123509484246,-0.2614904230554962,-0.2198392358331366,-0.3410818861712082,-0.2106595337390899,0.2585205733776092,-0.942756414413452,-0.0019404292106628,-8.931756019592285e-05,-0.0010288953781127,-0.0194039437919855,-0.0066911708563566,0.0155015345662832
3.562,-0.1466692467718238,-0.0853008332686732,-0.1528515933080534,0.9735749534484954,-0.2625150689273801,-0.2201884622495051,-0.3406426593251079,-0.2109307944774627,0.2595102787017822,-0.9424238204956056,-0.0003254115581512,-0.0006203055381774,0.000678539276123,-0.0207852087914943,-0.0120013412088155,0.0127998357638716
3.636,-0.1470027469263498,-0.0853887424881142,-0.152738808481295,0.9735346048006668,-0.2631673708720866,-0.2204751160755639,-0.3405409492689608,-0.2111638635396957,0.2601401507854461,-0.9421979188919068,-0.0017150696367025,0.0012996362056583,0.0003712856560014,-0.0055970754474401,-0.0025049746036529,0.0034624997060745
3.69,-0.1470950763142449,-0.0855534635785794,-0.1525952270010769,0.973528810635883,-0.2633251216340094,-0.2208091182289215,-0.3403174622903239,-0.2114695608615875,0.2602924704551697,-0.9420872926712036,-0.0007587969303131,-0.0001119673252105,-0.0018677711486816,-0.0047348630614578,-0.0049869026988744,0.0058242096565663
3.722,-0.1471785608202999,-0.085660807084426,-0.1523874099748302,0.9735393426377276,-0.2634996337109149,-0.2210055739466569,-0.3399434947799927,-0.2116446793079376,0.2604609727859497,-0.9420014023780824,-0.0012872666120529,-0.0001127123832702,-0.0049325227737426,-0.0040756044909358,-0.0048407125286757,0.008375097066164
3.771,-0.1471785608202999,-0.085660807084426,-0.1523874099748302,0.9735393426377276,-0.2634996337109149,-0.2210055739466569,-0.3399434947799927,-0.2116446793079376,0.2604609727859497,-0.9420014023780824,-0.0010538101196289,-0.0001519322395324,-0.0028678774833679,-0.0007225445006042,0.0022814907133579,0.0118713704869151
3.789,-0.1472097928015773,-0.0854946149737159,-0.1519524704338774,0.9736172310219544,-0.2637158673807909,-0.2205634724617733,-0.3390119807701952,-0.2112158685922622,0.2606697380542755,-0.9420399069786072,-0.000685304403305,-0.0003886818885803,-0.0010785460472106,-0.0072355084121227,0.005611783824861,0.0180080458521842
3.885,-0.1474731103890854,-0.0852837473540754,-0.1516279224032891,0.97364635088185,-0.2643796438417662,-0.2201563882966954,-0.3383719549288009,-0.210794523358345,0.2613105177879333,-0.9419566988945008,-0.0001339018344879,-0.0013437867164611,-0.0006123185157775,-0.0101545024663209,0.0045329532586038,0.012036551721394
3.887,-0.1477364290990057,-0.0850728782479499,-0.1513033743727008,0.9736754707417452,-0.2650432904620024,-0.2197488877819695,-0.3377316853119301,-0.2103728055953979,0.2619510293006897,-0.9418731331825256,0.0004171431064605,-0.0022986531257629,-0.0001465678215026,-0.0130734965205192,0.0034541226923465,0.0060650575906038
3.918,-0.1480348483517637,-0.0849940629800321,-0.151137964397612,0.9736626797107336,-0.2656954257544984,-0.2196670784796048,-0.3374660300618146,-0.2102584838867187,0.2625803351402282,-0.94172340631485,-2.4959444999694824e-05,-0.0025305747985839,-0.0014557242393493,-0.0162901114672422,-0.0023910878226161,0.0031026189681142
3.951,-0.1483622019305791,-0.0849340261800963,-0.1510601540369251,0.9736302169330224,-0.2663786582334536,-0.2196591956802381,-0.3373956967655555,-0.2102119326591491,0.2632395327091217,-0.9415497183799744,0.0002581626176834,-0.0009653866291046,-0.0017542243003845,-0.0156606715172529,0.0013713270891457,0.0016477270983159
3.995,-0.1486782518917793,-0.0848266189481323,-0.1510352216066895,0.9735951837540476,-0.2670438723057206,-0.219564847715577,-0.3374183925003706,-0.2100849002599716,0.2638812363147735,-0.9413984417915344,0.0007357448339462,0.0011735558509826,-0.0012065172195434,-0.0183120835572481,0.0012524630874395,0.0019966496620327
4.093,-0.1490230000652723,-0.0846883265667935,-0.1508546833952652,0.9735825463341884,-0.2678110181658958,-0.2193768573626049,-0.337120623210039,-0.2098638117313385,0.2646211087703705,-0.9412400722503662,0.0010085999965667,0.0006048083305358,-0.0021275877952575,-0.0126792136579751,0.0019903373904526,0.006850367411971
4.094,-0.1493677199653534,-0.084550022172805,-0.1506741102328248,0.9735696584601998,-0.2685780790767226,-0.2191885769928531,-0.3368225969315869,-0.2096423953771591,0.2653607428073883,-0.941081166267395,0.0012811124324798,3.62396240234375e-05,-0.0030491948127746,-0.0070463428273797,0.0027282116934657,0.0117040853947401
4.122,-0.1495489019860573,-0.0844280751722477,-0.1504244033746397,0.9735910577298886,-0.2690324979335937,-0.218946617251263,-0.3363327518361598,-0.2093884646892547,0.2657988667488098,-0.941014051437378,0.0004313737154006,0.0004562735557556,-0.0026150941848754,-0.001031813211739,0.0034931874834001,0.0145646538585424
4.154,-0.1496085709745761,-0.0843188085802142,-0.1501103417382997,0.9736398216189815,-0.2692572002310904,-0.2186622539215768,-0.3356736830825702,-0.209107905626297,0.2660154700279236,-0.9410152435302734,0.001030296087265,-0.0007954537868499,-0.0018158555030822,0.0020531576592475,9.763450361788272e-05,0.0140268867835402
4.188,-0.149564702285548,-0.0843275981614964,-0.1498335813428787,0.9736884441764412,-0.2692293551371773,-0.218585478135952,-0.3350897135717808,-0.2090372741222381,0.2659886181354522,-0.9410384893417358,0.0014021545648574,-0.0025541484355926,-0.0009970664978027,0.0086198411881923,-0.0017504711868241,0.008811155334115
4.223,-0.149564702285548,-0.0843275981614964,-0.1498335813428787,0.9736884441764412,-0.2692293551371773,-0.218585478135952,-0.3350897135717808,-0.2090372741222381,0.2659886181354522,-0.9410384893417358,0.001402273774147,-0.0031953155994415,0.0011008977890014,0.0068369354121387,-0.0047276308760046,0.0063219517469406
4.281,-0.14942178966599,-0.0844980237477236,-0.1495795142399419,0.9737347084241292,-0.2689465650096585,-0.2188029337039519,-0.3345638332779468,-0.2092582136392593,0.265716016292572,-0.9410664439201356,0.0012494921684265,-0.0024873912334442,-0.001490831375122,0.0044792713597416,-0.0064329416491091,0.0070527647621929
4.314,-0.14942178966599,-0.0844980237477236,-0.1495795142399419,0.9737347084241292,-0.2689465650096585,-0.2188029337039519,-0.3345638332779468,-0.2092582136392593,0.265716016292572,-0.9410664439201356,0.0001478493213653,-0.0007586777210235,-0.0011282563209533,-0.0045417435467243,-0.0053848074749112,0.0068264715373516
4.368,-0.1496579378182692,-0.0846369431845939,-0.1492227698135421,0.9737410859461756,-0.2694451502339326,-0.2190838017934697,-0.3339402532728824,-0.2094937115907669,0.2661966383457184,-0.94087815284729,0.0003846138715744,0.0017847418785095,-0.0013272166252136,-0.0177456028759479,-0.0102132745087146,0.016462292522192
4.393,-0.15008929782956,-0.0846464628024673,-0.1488127618593339,0.973736597659367,-0.2703844478370596,-0.2191665937281805,-0.3332353469038731,-0.2095171511173248,0.2671019434928894,-0.9406163692474364,0.001228928565979,0.0027716159820556,0.0001478195190429,-0.0206215754151344,-0.0069464379921555,0.0177744030952453
4.423,-0.1505829288513579,-0.0846553393989968,-0.1483692715360849,0.9737272920327332,-0.2714544524365301,-0.2192637109677171,-0.3324813259770822,-0.2095462083816528,0.2681328952312469,-0.9403164982795716,0.0003149956464767,0.002938836812973,-0.0015004873275756,-0.0255820080637931,-0.0079512242227792,0.0216137692332267
4.483,-0.1511892725087147,-0.084585147366868,-0.1478723013289844,0.9737150235140573,-0.272785447051463,-0.2192304046639309,-0.3316319826714204,-0.2094370871782302,0.2694149315357208,-0.939974308013916,-2.506375312805176e-05,0.0003405511379241,-0.0017838478088378,-0.0275993347167968,-0.0108281858265399,0.02291851490736
4.524,-0.151800422870489,-0.0845414042267549,-0.1474610135429921,0.9736861168862592,-0.274098090566812,-0.2192760541706677,-0.330968524259153,-0.2094028890132904,0.2706787884235382,-0.9396187663078308,0.0003473907709121,-0.0037363767623901,-0.0042424798011779,-0.0234048292040824,-0.0116541003808379,0.0134032741189002
4.557,-0.1521780120888637,-0.0845111792834598,-0.1473249559183017,0.9736503777375662,-0.2748838468251096,-0.2193307473497512,-0.3308019452277408,-0.2094079405069351,0.2714351415634155,-0.9393994212150574,0.0001073032617568,-0.0021494925022125,-0.0023882985115051,-0.009334011003375,-0.0039278701879084,-0.0013846177607774
4.592,-0.1521780120888637,-0.0845111792834598,-0.1473249559183017,0.9736503777375662,-0.2748838468251096,-0.2193307473497512,-0.3308019452277408,-0.2094079405069351,0.2714351415634155,-0.9393994212150574,0.0007190108299255,-0.0007111728191375,-0.0020539164543151,-0.0045029679313302,-0.0048965420573949,-0.006356073077768
4.663,-0.1521780120888637,-0.0845111792834598,-0.1473249559183017,0.9736503777375662,-0.2748838468251096,-0.2193307473497512,-0.3308019452277408,-0.2094079405069351,0.2714351415634155,-0.9393994212150574,0.0002439618110656,-0.0003465712070465,-0.0025785565376281,0.0002774815075099,-0.0027956196572631,-0.0012929714284837
4.663,-0.1521780120888637,-0.0845111792834598,-0.1473249559183017,0.9736503777375662,-0.2748838468251096,-0.2193307473497512,-0.3308019452277408,-0.2094079405069351,0.2714351415634155,-0.9393994212150574,-0.0002311021089553,1.806020736694336e-05,-0.0031032562255859,0.0050579304806888,-0.0006946970243006,0.0037701306864619
4.726,-0.1521780120888637,-0.0845111792834598,-0.1473249559183017,0.9736503777375662,-0.2748838468251096,-0.2193307473497512,-0.3308019452277408,-0.2094079405069351,0.2714351415634155,-0.9393994212150574,-0.0008716583251953,-0.0019292533397674,-0.0011594891548156,0.0012883879244327,-0.00149034592323,0.0060811787843704
4.758,-0.1521780120888637,-0.0845111792834598,-0.1473249559183017,0.9736503777375662,-0.2748838468251096,-0.2193307473497512,-0.3308019452277408,-0.2094079405069351,0.2714351415634155,-0.9393994212150574,-0.0005642771720886,-0.0010680258274078,-0.0005607604980468,-0.0022708517499268,0.0002548483898863,0.0023959437385201
